Part,StartPage,Pages,Title
1,1,360,A Sphere within a Sphere
2,361,158,Auguries
3,519,104,The House of Self-Undoing
4,623,96,Paenga-wha-wha
5,719,38,Weight and Lucre
6,757,26,The Widow and the Weeds
7,783,16,Domicile
8,799,10,The Truth About Aurora
9,809,6,Mutable Earth
10,815,8,Matters of Succession
11,823,6,Orion Sets When Scorpio Rises
12,829,4,The Old Moon and the Young Moon's Arms