Part,StartPage,Pages
1,1,360
2,361,158
3,519,104
4,623,96
5,719,38
6,757,26
7,783,16
8,799,10
9,809,6
10,815,8
11,823,6
12,829,4